p p -> -11 12 -13 13 j j  (no b's considered)
LO: 0.274615 fb +- 5.18808e-04 fb (0.188922 %) -- COMIX
LO: 0.275893 fb +- 2.86889e-03 fb (1.03986 %) -- AMEGIC
